12 2 2 2 1 1 2 1 1 1 1 1 2 2 
20 2 2 2 1 1 2 1 1 1 1 1 2 2 2 2 2 2 2 1 2 1 
50 2 2 2 1 1 2 1 0 0 1 2 2 2 1 0 1 2 1 2 0 0 0 0 2 0 1 1 0 2 2 2 2 0 2 0 0 1 2 1 1 0 2 0 2 0 0 2 0 1 2 1 
20 2 2 2 1 0 0 1 2 0 1 1 1 2 2 0 0 1 1 2 1 1 
50 2 2 0 2 0 1 2 0 0 0 2 0 2 0 1 0 2 1 2 2 1 0 0 2 1 2 1 2 0 0 2 0 2 1 0 0 0 0 2 2 0 2 2 2 1 0 0 2 0 0 0 
5 2 1 0 2 0 2 
2 20 20 8 
20 2 1 1 2 1 0 0 1 2 2 2 1 0 1 2 1 2 0 0 0 0 
5 2 2 2 1 1 2 
50 2 1 0 0 1 2 2 2 1 0 1 2 1 2 0 0 0 0 2 0 1 1 0 2 2 2 2 0 2 0 0 1 2 1 1 0 2 0 2 0 0 2 0 1 2 1 2 2 1 0 0 
5 2 1 2 0 1 1 
50 2 2 2 1 1 2 1 0 0 1 2 2 2 1 0 1 2 1 2 0 0 0 0 2 0 1 1 0 2 2 2 2 0 2 0 0 1 2 1 1 0 2 0 2 0 0 2 0 1 2 1 
50 2 2 2 1 1 2 1 0 0 1 2 2 2 1 0 1 2 1 2 0 0 0 0 2 0 1 1 0 2 2 2 2 0 2 0 0 1 2 1 1 0 2 0 2 0 0 2 0 1 2 1 
20 1 1 0 0 1 1 1 1 1 1 0 0 1 0 0 0 0 0 0 0 0 
20 2 2 0 2 0 1 2 0 0 0 2 0 2 0 1 0 2 1 2 2 1 
20 20 20 8 13 19 17 16 12 0 19 20 14 5 13 6 7 8 13 14 18 18 
20 5 5 5 4 4 5 4 0 0 4 2 5 5 1 3 1 5 1 2 3 0 
50 5 5 5 4 4 5 4 0 0 4 2 5 5 1 3 1 5 1 2 3 0 3 0 2 3 4 4 3 2 2 5 5 0 5 0 3 4 5 1 1 0 5 3 2 3 3 2 3 1 5 4 
50 50 47 2 22 15 45 7 2 0 40 13 25 26 5 6 33 16 13 17 37 4 8 39 29 48 43 50 12 42 15 29 45 26 12 13 39 8 19 32 8 43 12 3 44 1 29 16 2 42 30 17 
50 50 41 5 10 31 44 16 3 33 34 35 44 44 25 48 16 32 37 8 33 30 6 18 26 0 37 40 30 50 32 5 41 0 32 12 33 22 14 34 1 0 41 45 8 39 27 23 45 10 50 34 
15 15 9 3 14 4 1 12 6 14 2 0 9 1 1 11 9 
50 50 41 5 10 31 44 16 3 33 34 35 44 44 25 48 16 32 37 8 33 30 6 18 26 0 37 40 30 50 32 5 41 0 32 12 33 22 14 34 1 0 41 45 8 39 27 23 45 10 50 34 
20 1 1 1 0 0 1 0 0 0 0 0 1 1 1 1 1 1 1 0 1 0 
